NPOPA$	NPOPB$	NPOPC$	NPOPD$	NPOPE$	NG4	NG2	NG1	NG3	TE$	TED$	TDC$	TCB$	TBA$	ASY	aAYS	TF$	TD$	TC$	TB$	TA$	MaxEstLhood	MaxObsLhood
169247	311	434439	1210	151	293853	436335	31980	544857	49726	108	2880	2695	7705	0.0577182	0.9422818	49725	49834	52714	55409	63114	-483897.775	-483353.906
169247	311	2995662	1210	161	293853	436335	31980	544857	49727	123	2880	28729	7705	0.0608485	0.9391515	49726	49850	52730	81459	89164	-485385.960	-484843.396
169247	311	72481	1210	186	293853	436335	31980	544857	49726	134	2880	1094	7705	0.0551232	0.9448768	49725	49860	52740	53834	61539	-477612.389	-477111.474
169247	329	8307	1210	178	293853	436335	31980	544857	49726	127	2880	4206	7705	0.0564251	0.9435749	49725	49853	52733	56939	64644	-489400.047	-488910.608
169247	311	24997	1210	205	293853	436335	31980	544857	49726	150	2880	8482	7705	0.0589745	0.9410255	49725	49876	52756	61238	68943	-477860.432	-477334.731
169247	311	309261	1210	168	293853	436335	31980	544857	49726	120	2880	9845	7705	0.0579522	0.9420478	49725	49846	52726	62571	70276	-479498.916	-478989.431
169247	293	4896447	1210	158	293853	436335	31980	544857	49726	116	2880	60346	7705	0.0580388	0.9419612	49725	49842	52722	113068	120773	-467091.866	-466610.932
169247	311	7557748	1210	150	293853	436335	31980	544857	49726	107	2880	173	7705	0.0602120	0.9397880	49725	49833	52713	52886	60591	-472596.852	-471997.603
169247	311	4680926	1210	162	293853	436335	31980	544857	49726	117	2880	37328	7705	0.0579783	0.9420217	49725	49843	52723	90051	97756	-483856.668	-483328.340
169247	311	9125069	1210	144	293853	436335	31980	544857	49726	110	2880	11577	7705	0.0605788	0.9394212	49725	49836	52716	64293	71998	-477137.866	-476616.196
169247	311	149793	1210	196	293853	436335	31980	544857	49726	141	2880	7922	7705	0.0591241	0.9408759	49725	49867	52747	60669	68374	-480498.068	-479949.389
169247	311	275830	1210	164	293853	436335	31980	544857	49726	116	2880	1001	7705	0.0574043	0.9425957	49725	49842	52722	53723	61428	-476813.191	-476294.330
169247	311	1500880	1210	147	293853	436335	31980	544857	49726	106	2880	6245	7705	0.0569621	0.9430379	49725	49832	52712	58957	66662	-480813.603	-480297.758
169247	311	333022	1210	145	293853	436335	31980	544857	49726	111	2880	12342	7705	0.0573949	0.9426051	49725	49837	52717	65059	72764	-484605.946	-484099.852
169247	276	358130	1210	180	293853	436335	31980	544857	49726	123	2880	3223	6885	0.0558362	0.9441638	49725	49849	52729	55952	62837	-477615.555	-477177.978
169247	311	46487	1210	170	293853	436335	31980	544857	49726	126	2880	1748	7705	0.0558631	0.9441369	49725	49852	52732	54480	62185	-479029.446	-478587.266
169247	311	693487	1210	194	293853	436335	31980	544857	49726	132	2880	54024	7705	0.0518966	0.9481034	49725	49858	52738	106762	114467	-484375.795	-483845.836
169247	311	815613	1210	158	293853	436335	31980	544857	49726	116	2880	49095	7705	0.0534835	0.9465165	49725	49842	52722	101817	109522	-479611.973	-479179.714
169247	311	85094	1210	164	293853	436335	31980	544857	49727	123	2880	579	7705	0.0568359	0.9431641	49726	49850	52730	53309	61014	-476201.174	-475744.172
169247	311	3188824	1210	161	293853	436335	31980	544857	49726	118	2880	5843	7705	0.0548924	0.9451076	49725	49844	52724	58567	66272	-481726.397	-481242.858
169247	311	7634	1210	176	293853	436335	31980	544857	49726	121	2880	2636	7705	0.0537577	0.9462423	49725	49847	52727	55363	63068	-470529.434	-470025.567
169247	311	2995662	1210	184	293853	436335	31980	544857	49726	135	2880	616	7705	0.0558130	0.9441870	49725	49861	52741	53357	61062	-478942.087	-478461.196
169247	274	3492777	1210	202	293853	436335	31980	544857	49726	146	2880	28753	6986	0.0546006	0.9453994	49725	49872	52752	81505	88491	-474579.071	-474070.473
169247	311	85750	1210	156	293853	436335	31980	544857	49726	114	2880	1563	7705	0.0544518	0.9455482	49725	49840	52720	54283	61988	-477572.857	-477118.318
169247	329	19136	1210	178	293853	436335	31980	544857	49726	135	2880	9325	7705	0.0566921	0.9433079	49725	49861	52741	62066	69771	-487113.952	-486650.789
169247	311	14965	1210	150	293853	436335	31980	544857	49726	105	2877	2289	7705	0.0530984	0.9469016	49725	49831	52708	54997	62702	-478980.000	-478441.057
169247	311	5504045	1210	164	293853	436335	31980	544857	49727	117	2880	4319	7705	0.0568359	0.9431641	49726	49844	52724	57043	64748	-481605.892	-481041.773
169247	311	1167771	1210	143	293853	436335	31980	544857	49726	108	2880	10296	7705	0.0565817	0.9434183	49725	49834	52714	63010	70715	-479844.325	-479310.863
169247	311	2026552	1210	159	293853	436335	31980	544857	49726	117	2880	8737	7705	0.0515173	0.9484827	49725	49843	52723	61460	69165	-476144.497	-475601.375
169247	311	166262	1210	194	293853	436335	31980	544857	49726	146	2873	27118	7705	0.0546946	0.9453054	49725	49872	52745	79863	87568	-476777.837	-476308.089
169247	311	599442	1210	197	293853	436335	31980	544857	49726	158	2880	17466	7705	0.0540700	0.9459300	49725	49884	52764	70230	77935	-479723.292	-479223.278
169247	311	3320532	1210	161	293853	436335	31980	544857	49726	116	2880	15346	7705	0.0578632	0.9421368	49725	49842	52722	68068	75773	-482164.321	-481690.767
169247	311	25912683	1210	150	293853	436335	31980	544857	49726	113	2880	16394	7705	0.0545475	0.9454525	49725	49839	52719	69113	76818	-478598.574	-478060.858
169247	311	7670074	1210	154	293853	436335	31980	544857	49726	114	2880	2543	7705	0.0591394	0.9408606	49725	49840	52720	55263	62968	-481464.155	-480990.660
169247	311	2114463	1210	164	293853	436335	31980	544857	49726	115	2880	36668	7705	0.0579180	0.9420820	49725	49841	52721	89389	97094	-488001.622	-487451.321
169247	311	108945	1210	162	293853	436335	31980	544857	49726	122	2880	4539	7705	0.0562678	0.9437322	49725	49848	52728	57267	64972	-478019.856	-477494.024
169247	329	47971	1210	173	293853	436335	31980	544857	49726	133	2880	802	7705	0.0532869	0.9467131	49725	49859	52739	53541	61246	-484834.253	-484317.979
169247	311	2249940	1210	173	293853	436335	31980	544857	49728	123	2880	4727	7705	0.0568359	0.9431641	49727	49851	52731	57458	65163	-481165.354	-480576.598
169247	311	61758	1210	182	293853	436335	31980	544857	49726	132	2880	383	7705	0.0560310	0.9439690	49725	49858	52738	53121	60826	-477230.862	-476740.479
169247	311	1210933	1210	192	293853	436335	31980	544857	49726	131	2877	4398	7705	0.0538943	0.9461057	49725	49857	52734	57132	64837	-478297.954	-477763.357
169247	311	2057623	1210	161	293853	436335	31980	544857	49726	117	2880	16109	7705	0.0592019	0.9407981	49725	49843	52723	68832	76537	-483872.333	-483419.404
169247	311	3210730	1210	190	293853	436335	31980	544857	49726	144	2880	24480	7705	0.0574854	0.9425146	49725	49870	52750	77230	84935	-480177.514	-479692.775
169247	311	18434	1210	192	293853	436335	31980	544857	49726	134	2880	1826	7705	0.0563028	0.9436972	49725	49860	52740	54566	62271	-477473.566	-476964.943
169247	311	273168	1210	161	293853	436335	31980	544857	49726	118	2880	26811	7705	0.0558530	0.9441470	49725	49844	52724	79535	87240	-477111.190	-476637.526
169247	311	53570	1210	154	293853	436335	31980	544857	49726	119	2880	26681	7705	0.0540520	0.9459480	49725	49845	52725	79406	87111	-474525.714	-474018.959
169247	311	2165046	1210	162	293853	436335	31980	544857	49726	117	2880	32306	7705	0.0600001	0.9399999	49725	49843	52723	85029	92734	-481645.759	-481094.875
169247	311	149919	1210	158	293853	436335	31980	544857	49726	113	2880	76033	7705	0.0549366	0.9450634	49725	49839	52719	128752	136457	-479804.080	-479267.290
169247	311	146898	1210	134	293853	436335	31980	544857	49726	104	2880	6623	7705	0.0559479	0.9440521	49725	49830	52710	59333	67038	-474305.222	-473838.558
169247	311	18875858	1210	154	293853	436335	31980	544857	49726	108	2880	1451	7705	0.0532469	0.9467531	49725	49834	52714	54165	61870	-481404.451	-480896.755
169247	311	13276095	1210	179	293853	436335	31980	544857	49726	126	2880	1380	7705	0.0565431	0.9434569	49725	49852	52732	54112	61817	-478453.833	-477947.784
169247	293	317488	1210	157	293853	436335	31980	544857	49726	113	2877	6614	7043	0.0557028	0.9442972	49725	49839	52716	59330	66373	-485569.829	-485058.513
169247	311	47098	1210	191	293853	436335	31980	544857	49726	141	2880	516	7705	0.0572241	0.9427759	49725	49867	52747	53263	60968	-476615.048	-476114.996
169247	311	7014458	1210	168	293853	436335	31980	544857	49726	128	2880	42542	7705	0.0558359	0.9441641	49725	49854	52734	95276	102981	-481602.975	-481045.638
169247	311	85094	1210	172	293853	436335	31980	544857	49727	123	2880	765	7705	0.0568359	0.9431641	49726	49850	52730	53495	61200	-482920.390	-482418.414
169247	311	2444113	1210	203	293853	436335	31980	544857	49726	146	2880	2055	7705	0.0544833	0.9455167	49725	49872	52752	54807	62512	-476478.540	-475972.351
169247	311	63025	1210	198	293853	436335	31980	544857	49726	133	2880	35311	7705	0.0562923	0.9437077	49725	49859	52739	88050	95755	-477616.799	-477152.489
169247	311	14171	1210	179	293853	436335	31980	544857	49726	136	2880	3038	7705	0.0562227	0.9437773	49725	49862	52742	55780	63485	-471416.224	-470942.352
169247	311	13169310	1210	169	293853	436335	31980	544857	49726	124	2880	1168	7705	0.0588106	0.9411894	49725	49850	52730	53898	61603	-484211.450	-483732.544
169247	311	637548	1210	178	293853	436335	31980	544857	49726	137	2880	7267	7705	0.0600886	0.9399114	49725	49863	52743	60010	67715	-481104.400	-480623.407
169247	311	10905438	1210	149	293853	436335	31980	544857	49726	115	2880	10053	7705	0.0562676	0.9437324	49725	49841	52721	62774	70479	-473561.103	-473051.008
169247	329	13719	1210	173	293853	436335	31980	544857	49727	123	2880	6370	7705	0.0556261	0.9443739	49726	49850	52730	59100	66805	-484593.279	-484089.040
169247	311	1767358	1210	172	293853	436335	31980	544857	49727	123	2880	1716	7705	0.0547359	0.9452641	49726	49850	52730	54446	62151	-478098.529	-477574.459
169247	311	5264330	1210	173	293853	436335	31980	544857	49726	117	2880	6932	7705	0.0595510	0.9404490	49725	49843	52723	59655	67360	-477023.552	-476561.456
169247	311	230527	1210	158	293853	436335	31980	544857	49726	120	2880	3458	7705	0.0575826	0.9424174	49725	49846	52726	56184	63889	-479685.984	-479212.722
169247	311	121717	1210	156	293853	436335	31980	544857	49726	110	2880	11857	7705	0.0585378	0.9414622	49725	49836	52716	64573	72278	-473861.305	-473332.121
169247	311	1581597	1210	179	293853	436335	31980	544857	49726	127	2880	3675	7705	0.0571969	0.9428031	49725	49853	52733	56408	64113	-481352.653	-480833.051
169247	311	906756	1210	166	293853	436335	31980	544857	49726	117	2880	48837	7705	0.0554145	0.9445855	49725	49843	52723	101560	109265	-483158.177	-482609.704
169247	311	262425	1210	170	293853	436335	31980	544857	49726	117	2880	11529	7705	0.0585272	0.9414728	49725	49843	52723	64252	71957	-483904.096	-483353.906
169247	311	8442773	1210	168	293853	436335	31980	544857	49726	123	2880	2666	7705	0.0597973	0.9402027	49725	49849	52729	55395	63100	-485403.165	-484843.396
169247	309	227865	1210	175	293853	436335	31980	544857	49726	121	2880	6006	7705	0.0548706	0.9451294	49725	49847	52727	58733	66438	-477619.880	-477111.474
169247	324	22089047	1210	223	293853	435766	31980	544857	49726	148	2880	5262	7705	0.0554615	0.9445385	49725	49874	52754	58016	65721	-489417.641	-488910.608
169247	311	57272	1210	207	293853	436335	31980	544857	49726	159	2880	80808	7705	0.0585850	0.9414150	49725	49885	52765	133573	141278	-477867.304	-477334.731
169247	311	10106007	1210	259	293853	436335	31980	544857	49726	178	2880	455	7705	0.0578624	0.9421376	49725	49904	52784	53239	60944	-479503.325	-478989.431
169247	290	6462751	1210	149	293853	436335	31980	544857	49726	114	2880	50744	7705	0.0614065	0.9385935	49725	49840	52720	103464	111169	-467095.632	-466610.932
169247	311	85094	1210	173	293853	436335	31980	544857	49727	129	2880	1083	7705	0.0549980	0.9450020	49726	49856	52736	53819	61524	-472603.680	-471997.603
169247	311	568643	1210	135	293853	435199	31980	544857	49726	101	2880	13906	7705	0.0558669	0.9441331	49725	49827	52707	66613	74318	-483860.530	-483328.340
169247	311	1115718	1210	161	293853	436335	31980	544857	49726	122	2880	7781	7705	0.0580330	0.9419670	49725	49848	52728	60509	68214	-477147.020	-476616.196
169247	311	4712758	1210	173	293853	436335	31980	544857	49728	123	2880	4727	7705	0.0568359	0.9431641	49727	49851	52731	57458	65163	-480503.789	-479949.389
169247	288	11929	1210	286	293853	435199	31980	544857	49726	209	2866	3073	6994	0.0583064	0.9416936	49725	49935	52801	55874	62868	-476808.023	-476294.330
169247	311	13147	1210	169	293853	436335	31980	544857	49726	124	2880	3085	7705	0.0550652	0.9449348	49725	49850	52730	55815	63520	-480818.072	-480297.758
169247	311	40213151	1210	173	293853	436335	31980	544857	49726	124	2880	29465	7705	0.0553633	0.9446367	49725	49850	52730	82195	89900	-484603.575	-484099.852
169247	311	85094	1210	172	293853	436335	31980	544857	49726	122	2880	5189	7705	0.0568359	0.9431641	49725	49848	52728	57917	65622	-477614.461	-477177.978
169247	311	9715	1210	440	293853	436335	31980	544857	49726	339	2880	1036	7705	0.0569883	0.9430117	49725	50065	52945	53981	61686	-479035.293	-478587.266
169247	327	374354	1210	194	293853	436335	31980	544857	49726	132	2880	489	7705	0.0528419	0.9471581	49725	49858	52738	53227	60932	-484371.623	-483845.836
169247	311	632610	1210	142	293853	436335	31980	544857	49726	108	2880	19204	7705	0.0526690	0.9473310	49725	49834	52714	71918	79623	-479629.576	-479179.714
169247	311	339990	1210	166	293853	436335	31980	544857	49726	123	2880	42407	7705	0.0552493	0.9447507	49725	49849	52729	95136	102841	-476207.657	-475744.172
169247	311	6655129	1210	219	293853	436335	31980	544857	49726	160	2880	21200	7705	0.0602376	0.9397624	49725	49886	52766	73966	81671	-481721.822	-481242.858
169247	309	60973	1210	153	293853	436335	31980	544857	49726	113	2880	1784	7705	0.0522503	0.9477497	49725	49839	52719	54503	62208	-470534.028	-470025.567
169247	311	580289	1210	158	293853	435767	31980	544857	49726	111	2880	11766	7705	0.0558494	0.9441506	49725	49837	52717	64483	72188	-478944.400	-478461.196
169247	311	212831	1210	217	257536	436335	31980	544857	49726	144	3379	35827	7705	0.0555642	0.9444358	49725	49870	53249	89076	96781	-474590.530	-474070.473
169247	311	3003020	1210	185	293853	436335	31980	544857	49726	135	2880	9989	7705	0.0547570	0.9452430	49725	49861	52741	62730	70435	-477578.260	-477118.318
169247	325	281235	1210	174	293853	436335	31980	544857	49726	125	2877	16932	7705	0.0538552	0.9461448	49725	49851	52728	69660	77365	-487112.183	-486650.789
169247	311	15049	1210	173	293853	436335	31980	544857	49727	117	2880	1363	7705	0.0540848	0.9459152	49726	49844	52724	54087	61792	-478977.791	-478441.057
215581	291	462	1210	166	293853	435766	31980	544857	49726	114	2813	1926	7695	0.0569790	0.9430210	49725	49840	52653	54579	62274	-481624.914	-481041.773
169247	311	1583814	1210	172	293853	436335	31980	544857	49726	126	2880	19634	7705	0.0605803	0.9394197	49725	49852	52732	72366	80071	-479852.829	-479310.863
169247	311	103360	1210	154	293853	436335	31980	544857	49726	111	2880	1268	7705	0.0543430	0.9456570	49725	49837	52717	53985	61690	-476143.120	-475601.375
169247	311	1555247	1210	152	293853	435767	31980	544857	49726	113	2877	3189	7705	0.0553051	0.9446949	49725	49839	52716	55905	63610	-476786.636	-476308.089
169247	311	4712757	1210	164	293853	436335	31980	544857	49726	122	2880	9568	7705	0.0551823	0.9448177	49725	49848	52728	62296	70001	-479730.012	-479223.278
169247	311	13325899	1210	201	293853	436335	31980	544857	49726	154	2880	3269	7705	0.0567874	0.9432126	49725	49880	52760	56029	63734	-482166.274	-481690.767
169247	293	2401	1210	150	293853	435199	31980	544857	49726	113	2880	2952	6770	0.0518450	0.9481550	49725	49839	52719	55671	62441	-478601.013	-478060.858
169247	311	7476	1210	154	293853	436335	31980	544857	49726	109	2880	452	7705	0.0591259	0.9408741	49725	49835	52715	53167	60872	-481475.507	-480990.660
169247	293	12420420	1210	167	293853	436335	31980	544857	49726	124	2880	1834	7042	0.0598261	0.9401739	49725	49850	52730	54564	61606	-488001.405	-487451.321
169247	311	111516	1210	168	293853	436335	31980	544857	49726	127	2880	4629	7705	0.0590031	0.9409969	49725	49853	52733	57362	65067	-478032.137	-477494.024
169247	311	7285919	1210	170	293853	436335	31980	544857	49726	124	2880	1743	7705	0.0566686	0.9433314	49725	49850	52730	54473	62178	-484830.429	-484317.979
169247	311	51539	1210	290	293853	436335	31980	544857	49726	214	2880	1310	7705	0.0543751	0.9456249	49725	49940	52820	54130	61835	-481169.471	-480576.598
169247	311	10667984	1210	153	293853	436335	31980	544857	49726	116	2876	24199	7705	0.0591423	0.9408577	49725	49842	52718	76917	84622	-477225.198	-476740.479
169247	311	257801	1210	193	293853	436335	31980	544857	49726	138	2873	13482	7705	0.0537379	0.9462621	49725	49864	52737	66219	73924	-478301.264	-477763.357
169247	311	1177939	1210	168	293853	436335	31980	544857	49726	124	2880	11476	7705	0.0577606	0.9422394	49725	49850	52730	64206	71911	-483876.258	-483419.404
169247	309	5671529	1210	218	293853	436335	31980	544857	49726	156	2869	7773	7705	0.0566312	0.9433688	49725	49882	52751	60524	68229	-480186.112	-479692.775
169247	311	5977	1210	197	293853	436335	31980	544857	49726	131	2880	759	7705	0.0555405	0.9444595	49725	49857	52737	53496	61201	-477468.960	-476964.943
169247	311	1679313	1210	460	293853	435767	31980	544857	49726	328	2880	2348	7705	0.0580695	0.9419305	49725	50054	52934	55282	62987	-477118.010	-476637.526
169247	329	9985	1210	244	293853	436335	31980	544857	49726	179	2878	18727	7705	0.0553809	0.9446191	49725	49905	52783	71510	79215	-474523.392	-474018.959
169247	311	6719325	1210	164	293853	436335	31980	544857	49726	117	2880	41472	7705	0.0591205	0.9408795	49725	49843	52723	94195	101900	-481652.466	-481094.875
169247	311	736901	1210	146	293853	436335	31980	544857	49726	109	2880	8736	7705	0.0561324	0.9438676	49725	49835	52715	61451	69156	-479811.368	-479267.290
169247	311	42309	1210	203	293853	436335	31980	544857	49726	151	2880	4082	7705	0.0547644	0.9452356	49725	49877	52757	56839	64544	-474309.534	-473838.558
169247	311	31800	1210	164	293853	436335	31980	544857	49726	123	2880	3596	7705	0.0540939	0.9459061	49725	49849	52729	56325	64030	-481404.941	-480896.755
169247	318	1052340	1210	150	293853	435767	31980	544857	49726	107	2880	1045	7830	0.0588370	0.9411630	49725	49833	52713	53758	61588	-478455.720	-477947.784
18098	1737	75033755	3394538	43365	253294	522319	77475	97446	70350	55920	2090	12116191	10560525	0.0545705	0.9454295	70349	126270	128360	12244551	22805076	-495032.685	-485058.513
26587	2204	288	637114	497	780217	332975	73804954	81346	22954	3081	20380	8062	249191	0.0658149	0.9341851	22953	26035	46415	54477	303668	-566443.800	-476114.996
3922746	4494	4103673	205027	6078	440003	464281	100708	228391	47636	7487	129641	15784630	1848	0.0435735	0.9564265	47635	55123	184764	15969394	15971242	-485435.124	-481045.638
66640	1476	61556926	3688565	468	5516063	292844	116811	204599	26194	9398	165765	13116586	753612	0.0416124	0.9583876	26193	35592	201357	13317943	14071555	-491484.634	-482418.414
328898	340	9484	10333	2486	123324	496558	111666	935417	63002	514	111092	254	2705	0.0547007	0.9452993	63001	63516	174608	174862	177567	-479605.710	-475972.351
409476	13041	880	118	1448	253518	275092	14571	504521	25540	1505	300	9174	7545589	0.0530464	0.9469536	25539	27045	27345	36519	7582108	-478966.814	-477152.489
1461617	1071	73736	56972	1650	14509990	204727	126272	386722	15102	190724	1573	2227	1556	0.0404007	0.9595993	15101	205826	207399	209626	211182	-477012.481	-470942.352
7046	274	970271	78774	40099	241844	538145	144469	394529	57418	19889	175729	10038118	489148	0.0446424	0.9553576	57417	77307	253036	10291154	10780302	-488488.189	-483732.544
30606355	2186	408780	74364	34366	212822	461621	221615	494426	56333	16406	251195	5995454	288	0.0445589	0.9554411	56332	72739	323934	6319388	6319676	-487091.345	-480623.407
8743616	832	5508283	355869	6223	584441	454923	125746	236714	45257	10323	186226	14498286	592	0.0392330	0.9607670	45256	55580	241806	14740092	14740684	-478551.112	-473051.008
344506	449	1731	2812	162372	17430	12181	446711	418222	653	491691	43466	551	261517	0.0389595	0.9610405	652	492344	535810	536361	797878	-500988.669	-484089.040
46016	109	106	1196	156787	276259	507227	112198	380377	63062	120632	1832	5351	3667	0.0462452	0.9537548	63061	183694	185526	190877	194544	-480670.137	-477574.459
161376	4753	101946	160	2291	321908	423919	26710	462422	41566	1806	296	385	2643638	0.0528025	0.9471975	41565	43372	43668	44053	2687691	-477309.223	-476561.456
1555	702	2276011	126088	7972	457201	447097	111902	381823	51233	10015	136044	9413406	41870	0.0429707	0.9570293	51232	61248	197292	9610698	9652568	-483520.580	-479212.722
13913	5930	36005250	2241089	2308	8041977	298372	118650	326060	21180	81101	110371	12807055	50313	0.0356532	0.9643468	21179	102281	212652	13019707	13070020	-480757.985	-473332.121
15901615	2409	52701	472765	188	281719	496692	455023	252496	59889	121	576955	100001	990	0.0417567	0.9582433	59888	60010	636965	736966	737956	-492414.745	-480833.051
1614406	201	12378	9225	20290	473187	70203	164906	403180	5809	258867	7692	2859	10060	0.0458497	0.9541503	5808	264676	272368	275227	285287	-490140.402	-482609.704
4078	338	110	108	208	246127	513260	73814	467863	112579	123	228	42319	1294	0.0925549	0.9074451	112578	112702	112930	155249	156543	-485484.079	-483231.022
36206163	1232	2372374	123767	4527	492123	499283	99502	412439	48594	5225	138001	12341988	477	0.0374982	0.9625018	48593	53819	191820	12533808	12534285	-478674.297	-474647.871
1445171	248	70699	33229	254814	219888	406386	296633	355034	36695	296034	48376	1177524	1274	0.0387194	0.9612806	36694	332729	381105	1558629	1559903	-487414.809	-478413.701
16678	111	153914	427	182886	247750	524814	108965	428747	59655	113109	825	458	26771	0.0506169	0.9493831	59654	172764	173589	174047	200818	-482150.501	-479233.933
41986833	5384	319004	3530665	6272	1291616	413145	243275	147381	35730	28739	386641	2593	207	0.0375797	0.9624203	35729	64469	451110	453703	453910	-482108.783	-473322.883
3279	6627	366	42882	357143	23963	8257831	38615450	24367	20925	729	13530	527907	152131	0.0072001	0.9927999	20924	21654	35184	563091	715222	-592003.693	-483463.085
5942630	7107	1022300	105	66738	238570	538872	329	396560	56220	22425	212	581	52324	0.0350512	0.9649488	56219	78645	78857	79438	131762	-517885.658	-469758.635
129408	1070	9517518	786053	10580	891500	398640	159881	229033	37245	30521	252307	24080464	1600	0.0416107	0.9583893	37244	67766	320073	24400537	24402137	-484211.445	-477124.615
95433	5603	246925	8175	41100	201572	539392	65390	413020	69718	13254	22561	31277488	3015	0.0537588	0.9462412	69717	82972	105533	31383021	31386036	-481518.511	-478806.787
4916613	2333	85855	11828	263932	232539	516360	189174	330601	59118	208287	15941	7252298	1857	0.0428255	0.9571745	59117	267405	283346	7535644	7537501	-487863.788	-481156.497
1938	1036	3314526	252141	17194	470439	477024	144137	269908	50502	21464	184582	13285129	2963	0.0442879	0.9557121	50501	71966	256548	13541677	13544640	-484171.174	-478773.865
4083649	6915	77089	5073	32675	199569	500508	96720	450136	105782	16393	15601	8110151	2549	0.0875909	0.9124091	105781	122175	137776	8247927	8250476	-486421.208	-482637.122
232402	1832	14391	7367	104178	110982	535776	122880	734338	82244	18632	69047	2223	24774	0.0587127	0.9412873	82243	100876	169923	172146	196920	-485878.184	-481295.380
93890	757	748	371	10075	229438	524931	80393	476034	105967	4908	886	398997	21105	0.0843426	0.9156574	105966	110875	111761	510758	531863	-483823.261	-481584.725
3297	131	24760	48712	3107	278360	209969	28913875	146514	16191	5177	30307	4052	70685	0.0790366	0.9209634	16190	21368	51675	55727	126412	-569715.639	-482162.202
610447	4234	5027	17585	121990	152230	529977	107459	391652	74263	42618	55093	4054	16711	0.0536271	0.9463729	74262	116881	171974	176028	192739	-480896.984	-478064.170
136925	1025	2383337	97387	121	2035614	347177	84995	1824036	31287	713	125326	9267947	420652	0.0428319	0.9571681	31286	32000	157326	9425273	9845925	-488692.459	-481631.594
696541	6462	9442460	627131	325	772257	480755	131372	195133	52159	670	185483	8933066	30860	0.0455122	0.9544878	52158	52829	238312	9171378	9202238	-478476.991	-472093.090
180985	666	8804128	510382	1510	597610	454300	117454	181825	43640	2745	177295	13212714	146005	0.0436390	0.9563610	43639	46385	223680	13436394	13582399	-487127.274	-481149.383
147937	191	1793	5287	191723	236998	520595	118386	433961	53018	124740	10439	21235	777	0.0444962	0.9555038	53017	177758	188197	209432	210209	-481097.632	-477583.534
2811052	2335	3064	168688	45264	331590	532633	172396	339971	53328	33660	214260	267	1142	0.0435525	0.9564475	53327	86988	301248	301515	302657	-480848.894	-476311.094
1367543	2669	1064	176	110	109476	66478	2348	239268	4298	217	507	24637	13596	0.0469562	0.9530438	4297	4515	5022	29659	43255	-489038.687	-476689.494
32948064	2113	452954	37459	22189	236248	490992	123188	496413	66298	12261	116573	8106698	1674	0.0522861	0.9477139	66297	78559	195132	8301830	8303504	-479542.978	-475704.601
135968	8194	135	662	71165	245460	537095	95720	337232	94118	48399	1024	8895	2982673	0.0745252	0.9254748	94117	142517	143541	152436	3135109	-492139.055	-489324.603
11704566	3948	1912	57342	28784	253852	512596	123933	425876	64257	14668	131852	10477	1075	0.0470933	0.9529067	64256	78925	210777	221254	222329	-483778.912	-481014.862
71968	178	116	1019	13435	308607	480222	54915	494900	72125	10299	2043	4602	824	0.0656562	0.9343438	72124	82424	84467	89069	89893	-477061.953	-475999.034
1907	363	11911679	534332	11325	897228	393281	97335	195001	35804	31589	137998	13472116	1487737	0.0356412	0.9643588	35803	67393	205391	13677507	15165244	-487239.491	-481052.122
10488491	6180	2196959	159087	10741	419076	482788	119257	287145	52451	12018	142972	3488644	2728	0.0396468	0.9603532	52450	64469	207441	3696085	3698813	-480334.876	-476227.358
159994	122	113	6273	158115	260308	503883	126978	365856	62285	126900	9092	1000	636	0.0475084	0.9524916	62284	189185	198277	199277	199913	-473799.289	-470345.837
35899	251	70740730	5370318	98965	289475	475508	114471	156900	55906	157640	646	8368512	3897	0.0474435	0.9525565	55905	213546	214192	8582704	8586601	-484904.933	-475415.025
36996	1421	120941	1301	357	219458	277070	181383	29552993	21731	288	265212	3230	230820	0.0454626	0.9545374	21730	22019	287231	290461	521281	-488685.070	-480814.483
226346	180	18815	1926	5426	60182	2512	47195	370465	144	82880	16790	76552	3667	0.0328846	0.9671154	143	83024	99814	176366	180033	-493593.214	-484689.213
4283	364	4173584	160912	5592	448412	465663	77364	201756	49688	6581	87480	8723499	895749	0.0443465	0.9556535	49687	56269	143749	8867248	9762997	-484768.914	-480566.745
