	d0_0	d0_1	d0_2	d0_3	d0_4	d0_5	d0_6	d0_7	d0_8	d0_9	d0_10	d0_11	d0_12	d0_13	d0_14	d0_15	d0_16	d0_17	d0_18	d0_19	d0_20	d0_21	d0_22	d0_23	d0_24	d0_25	d0_26	d0_27	d0_28	d0_29	d0_30	d0_31	d0_32	d0_33	d0_34	d0_35	d0_36	d0_37	d0_38	d0_39	d0_40	d0_41	d0_42	d0_43	d0_44	d0_45	d0_46	d0_47	d0_48	d0_49	d0_50	d0_51	d0_52	d0_53	d0_54	d0_55	d0_56	d0_57	d0_58	d0_59	d0_60	d0_61	d0_62	d0_63	d0_64	d0_65	d0_66	d0_67	d0_68	d0_69	d0_70	d0_71	d0_72	d0_73	d0_74	d0_75	d0_76	d0_77	d0_78	d0_79	d0_80	d0_81	d0_82	d0_83	d0_84	d0_85	d0_86	d0_87	d0_88	d0_89	d0_90	d0_91	d0_92	d0_93	d0_94
d3_0	0	0.0174348	0.00883512	0.00696005	0.00450859	0.00467691	0.00308454	0.00269425	0.00238627	0.00214247	0.00298276	0.0017975	0.00165904	0.00255657	0.00147649	0.00139005	0.00130581	0.00229869	0.00216007	0.00111697	0.00110307	0.00110331	0.00199271	0.000910837	0.00197059	0.000967204	0.00194917	0.000824834	0.000884734	0.00185706	0.00082584	0.000821626	0.000778477	0.00077851	0.000788536	0.000782017	0.000711406	0.000721232	0.000655385	0.000693449	0.000672654	0.00066772	0.00063467	0.00165328	0.00163559	0.0015947	0.00164333	0.000603072	0.00164729	0.000602256	0.000576563	0.00062528	0.000539471	0.000563748	0.000539002	0.000562826	0.000543958	0.000577971	0.000561167	0.00153284	0.000483353	0.000537002	0.00051749	0.000517002	0.000477519	0.00051818	0.000525104	0.00144084	0.000506117	0.000513325	0.000507617	0.00042376	0.000462943	0.000513486	0.00146188	0.000478679	0.000468009	0.000487179	0.00144323	0.000435675	0.000465453	0.000452362	0.000447399	0.000443293	0.000422631	0.00047062	0.000461612	0.00144443	0.000399348	0.000459847	0.000488615	0.000411304	0.000422706	0.000446452	0.286558
d3_1	0.0314121	0	0	0	0	0	2.36399e-06	0	0	0	2.89358e-08	0	0	0	1.56568e-06	0	0	0	0	1.51301e-06	0	0	0	1.99721e-06	0	1.60943e-06	0	0	3.51707e-06	0	0	0	3.30348e-07	0	0	0	0	0	0	0	0	2.36702e-07	0	0	0	0	0	0	1.27144e-06	0	0	0	7.47503e-07	0	0	0	0	0	0	0	3.19023e-06	0	0	0	0	0	0	0	0	1.70046e-06	4.34935e-08	0	0	0	4.55384e-07	0	0	7.04635e-07	4.04432e-07	5.28598e-07	8.58542e-08	0	0	0	0	0	0	0	0	1.22649e-06	3.58803e-07	0	0	0	0.0012329
d3_2	0.0148743	0	0	0	1.32858e-08	1.38811e-06	0	7.94231e-07	0	5.30645e-06	6.34284e-07	0	0	0	0	0	0	1.25148e-06	1.49816e-07	0	0	0	0	0	0	0	4.78184e-06	0	0	0	0	1.03912e-06	4.9271e-07	0	2.53052e-08	0	0	0	0	0	0	4.57439e-07	2.01287e-06	0	0	7.98078e-07	0	2.05562e-06	0	4.0017e-07	0	1.74818e-06	0	0	7.28223e-07	5.18192e-07	0	0	0	0	3.71333e-06	1.79698e-07	0	5.63542e-07	0	0	6.24139e-08	0	0	1.52205e-06	0	0	0	4.82291e-07	0	0	0	0	0	0	0	0	0	0	4.71832e-07	0	0	0	0	0	0	0	0	0	0.000242194
d3_3	0.0107108	2.41643e-07	0	0	4.33991e-07	0	0	0	0	3.97081e-07	1.35119e-06	0	1.50663e-06	0	0	0	0	5.11933e-06	0	0	0	3.34029e-07	5.85713e-07	0	0	2.4017e-08	0	0	1.48782e-06	2.56088e-06	4.20501e-06	0	0	0	0	0	0	0	0	9.20276e-07	0	0	0	0	0	0	1.33838e-06	0	0	0	0	0	0	0	0	8.23999e-07	0	0	0	0	0	0	0	0	2.49702e-07	0	0	0	0	0	4.78679e-06	0	0	0	0	0	0	0	0	0	0	0	0	7.56038e-07	0	0	0	0	0	0	0	0	0	0	0.00120498
d3_4	0.00712805	6.67513e-07	0	0	0	2.25664e-06	8.27504e-07	0	0	0	0	0	1.14019e-06	6.30873e-07	2.04153e-06	0	0	0	0	0	0	0	0	0	0	5.18598e-07	0	0	2.08524e-07	1.02436e-06	6.706e-07	0	0	0	0	0	0	7.30684e-07	0	0	0	2.64144e-06	0	0	0	0	4.45749e-07	0	0	0	1.80328e-06	0	0	0	0	0	0	0	0	0	0	0	0	1.0608e-06	0	5.37859e-07	0	0	5.85849e-06	0	0	0	0	5.40104e-07	3.61096e-07	0	3.35146e-06	4.43543e-08	0	0	0	5.58078e-07	0	0	0	1.01063e-08	0	0	3.80048e-07	0	6.40048e-07	0	0	0	0.000227828
d3_5	0.00562062	0	0	0	0	0	1.0717e-06	0	0	2.40674e-07	0	0	0	0	0	2.65077e-07	0	0	2.57716e-07	0	3.95005e-07	0	0	0	0	3.55101e-06	1.47433e-06	0	0	0	3.02386e-06	0	0	0	0	0	0	1.56371e-06	0	0	6.15176e-08	0	3.89204e-07	2.85505e-07	7.62611e-07	0	0	0	0	1.18512e-07	0	2.84704e-07	0	0	0	1.23556e-06	0	0	0	0	0	0	0	4.55074e-07	0	0	0	8.34624e-07	5.71837e-07	0	0	7.15428e-07	7.84122e-10	2.13509e-07	0	0	0	0	2.86951e-07	0	0	0	0	0	0	1.55827e-06	0	0	7.18409e-07	0	0	0	0	3.63147e-07	0.000240362
d3_6	0.00466886	0	0	0	0	0	0	0	0	6.00877e-07	0	0	0	0	0	0	0	1.95815e-06	0	1.39438e-06	0	6.76605e-07	0	0	0	0	4.16668e-07	0	0	0	1.27777e-06	0	9.31043e-07	0	4.59278e-07	1.18175e-06	0	0	0	0	0	0	4.14545e-07	0	2.0317e-07	1.65843e-06	0	0	0	0	0	0	0	0	0	1.38033e-06	0	0	1.32181e-06	0	3.021e-06	9.04848e-07	2.45636e-06	0	0	3.49159e-07	0	0	0	0	0	0	0	0	0	0	0	0	0	0	0	0	0	0	1.31034e-06	0	5.13043e-07	0	0	0	0	0	3.87862e-07	0	0.000255503
d3_7	0.00400662	0	7.96571e-07	0	5.88587e-07	0	2.43979e-06	0	0	0	0	0	7.04135e-07	5.60579e-07	0	0	0	3.82513e-07	0	0	0	0	0	0	0	4.05901e-06	0	0	0	0	7.08112e-07	0	0	0	0	0	0	0	0	0	0	0	0	0	3.59474e-07	0	1.62644e-07	0	0	0	2.75547e-08	0	7.75189e-07	0	0	7.05272e-07	0	0	0	0	0	9.79371e-07	0	0	0	0	4.1645e-07	1.36847e-06	0	0	0	0	0	0	0	0	0	3.45971e-06	0	3.4914e-07	0	3.49229e-07	0	0	0	0	0	0	0	2.09131e-07	2.34861e-06	0	0	1.06824e-06	0.000257202
d3_8	0.00344719	0	0	0	0	0	4.99273e-06	0	0	0	0	0	0	0	0	0	0	0	0	8.63747e-07	0	0	5.17743e-06	0	1.4813e-06	9.78186e-07	0	0	0	0	0	3.22233e-06	0	0	0	0	1.01934e-06	9.85466e-07	0	6.25234e-07	0	0	8.2093e-07	1.1268e-06	0	0	2.04492e-08	0	0	0	0	0	9.31566e-07	0	0	0	1.39333e-07	0	0	0	2.62414e-07	0	0	0	1.09211e-06	0	0	0	0	4.66053e-07	0	8.29164e-07	0	0	0	0	0	0	5.00217e-07	0	3.12962e-06	0	0	0	0	0	0	0	0	2.27855e-06	0	0	0	0	0.000220115
d3_9	0.00306547	0	0	4.55399e-07	0	0	0	0	0	4.60097e-07	1.91128e-06	0	0	3.07325e-06	0	0	0	0	8.27868e-07	0	6.20146e-07	0	0.00099571	0	0	3.6061e-06	0	1.10522e-06	0	0	0	7.77454e-07	5.63402e-07	0	4.58504e-07	1.42461e-06	0	0	0	0	0	0	0	0	0	0	0	0	0	0	0	0	0	0	0	0	1.25287e-06	0	0	0	0	5.36249e-08	4.30593e-06	0	0	0	0	5.65621e-07	0	0	0	0	0	0	2.63138e-06	1.31195e-06	0	0	5.59001e-07	0	0	2.99002e-06	5.20858e-06	1.62088e-06	7.73534e-08	0	2.37777e-06	2.78421e-06	0	5.08381e-06	0	0	0	0	0.000216612
d3_10	0.0028295	0	1.16924e-06	2.6429e-06	0	0	5.28182e-06	1.70662e-07	1.94662e-06	0	0	0	2.63689e-07	0	0	8.38755e-07	0	0	6.5897e-07	1.69416e-07	0	0	0	0	0	0	0	0	0	0	0	0	1.17198e-06	0	0	0	0	0	0	1.19489e-06	0	4.0346e-07	0	0	0	0	2.77729e-06	0	2.3102e-06	0	0	0	0	0	0	0	0	0	1.43174e-07	2.30913e-06	0	0	5.18857e-07	0	0	0	0	1.85032e-06	1.41109e-07	1.59372e-06	0	1.6706e-07	0	0	0	0	0	0	0	0	3.65242e-07	0	0	0	0	0	0	0	0	0	0	0	0	0	0.000183347
d3_11	0.00249424	0	8.96405e-08	0	3.48862e-08	0	0	9.00463e-07	0	0	0	5.61219e-08	1.23259e-06	0	0	1.92271e-06	0	0	5.86046e-07	5.89393e-07	0	2.25721e-06	0	0	0	0	0	0	0	1.31091e-07	7.20294e-07	4.31264e-08	0	0	1.80797e-06	0	1.71272e-06	0	0	1.52082e-06	0	5.19006e-06	0	0	0	0	0	0	0	8.51972e-07	0	0	2.42039e-07	0	0	0	0	1.01776e-06	5.89474e-07	0	3.68213e-07	0	0	0	0	8.93327e-07	0	0	0	0	0	3.66572e-06	0	0	0	0	0	0	2.71424e-06	0	1.871e-06	0	0	0	0	0	0	0	0	0	4.82585e-07	1.5963e-06	3.5664e-08	0	0.00120824
d3_12	0.00330196	0	1.48531e-07	0	8.74642e-07	0	0	0	0	0	3.41913e-07	0	0	0	0	0	0	0	0	0	2.37408e-06	0	1.32846e-06	0	0	1.74619e-06	1.00412e-06	8.78445e-07	0	0	1.34517e-07	0	0	0	0	0	0	0	0	0	2.5308e-08	0	0	0	1.96992e-07	0	0	0	0	0	0	0	0	0	1.77071e-07	0	0	0	0	1.13102e-07	0	0	6.6235e-07	0	0	8.24665e-07	1.13877e-06	0	0	0	0	0	0	4.27593e-06	0	0	0	0	0	0	0	0	0	0	4.1345e-07	0	0	0	2.78354e-08	5.50886e-07	0	0	0	1.46174e-07	0.000228934
d3_13	0.00319296	0	0	0	2.08728e-06	0	0	2.09211e-06	5.99631e-07	3.06909e-07	0	0	2.11829e-07	0	0	0	0	0	0	3.74443e-07	8.31623e-07	0	0	0	0	0	2.17115e-06	0	1.76029e-06	7.67864e-07	0	0	1.89447e-06	0	9.74344e-07	0	0	0	0	0	2.14646e-06	0	6.58047e-07	0	0	2.44255e-06	0	0	0	0	0	3.11251e-06	5.38682e-07	0	0	0	5.14177e-06	0	0	0	0	4.23272e-07	3.56647e-06	1.16114e-06	5.57582e-06	0	0	0	0	6.86603e-08	0	0	0	0	0	0	1.39451e-06	0	6.85917e-07	0	0	1.87501e-07	0	8.21495e-07	0	0	0	3.15338e-06	0	1.46786e-06	2.51407e-06	0	0	0	0.000197326
d3_14	0.00292836	0	0	1.21504e-06	0	0	0	0	1.37599e-06	0	0	0	0	0	0	0	0	1.43822e-07	2.03381e-06	0	0	0	1.05096e-07	0	3.95789e-07	0	0	2.8289e-07	0	0	2.21458e-07	1.43962e-06	0	2.86619e-06	0	0	0	2.88614e-07	0	3.67519e-07	0	0	0	0	0	0	0	0	0	7.46336e-07	0	0	0	0	2.329e-07	0	0	4.0445e-07	0	1.05101e-06	0	0	0	0	0	0	0	9.98946e-07	0	0	4.93422e-06	0	0	2.01096e-06	1.07981e-06	0	0	0	0	0	1.35318e-07	0	1.78443e-06	0	0	0	0	0	8.34752e-07	0	0	0	7.46209e-07	0	0.000166877
d3_15	0.00186984	0	0	0	0	0	6.8053e-07	0	0	8.82494e-07	0	0	3.782e-06	0	0	0	2.24682e-06	0	0	0	4.40329e-06	0	0	0	0	0	0	0	0	4.95483e-07	0	0	0	0	0	0	1.52925e-06	0	9.58321e-07	2.84134e-08	0	0	0	0	8.74457e-07	0	0	0	0	0	0	5.09725e-06	1.09318e-06	0	0	0	0	0	6.24059e-07	4.10772e-06	1.11294e-07	0	0	0	0	6.22927e-07	0	4.53973e-06	0	0	0	6.30087e-06	0	3.81104e-07	0	0	1.32805e-06	2.12751e-07	0	0	0	0	0	0	0	0	0	0	0	0	0	8.03026e-07	0	1.80131e-06	0.000233169
d3_16	0.00176565	0	0	0	1.16904e-06	2.40192e-07	0	0	4.28032e-07	0	1.846e-06	0	2.01135e-06	0	0	0	3.39444e-07	0	0	1.89488e-08	0	0	0	0	0	0	1.07936e-07	0	0	0	6.36783e-07	0	6.79312e-08	2.11746e-07	0	0	3.48441e-07	0	0	0	1.439e-06	0	0	0	1.05806e-06	0	4.09697e-08	0	0	0	0	0	0	5.82032e-07	0	0	0	9.96284e-07	2.06684e-07	0	0	0	0	0	0	0	0	0	0	1.24134e-06	0	0	3.18571e-06	5.25198e-08	0	0	3.33902e-07	0	0	0	0	3.22643e-07	6.51517e-09	9.4962e-08	0	0	9.62841e-07	0	5.69677e-07	9.77679e-08	9.13138e-07	0	0	0	0.000210239
d3_17	0.00171582	6.95725e-08	0	0	0	0	0	0	0	1.65014e-07	9.75846e-07	0	1.68656e-06	2.63814e-07	7.516e-07	0	1.20844e-07	0	1.72115e-06	0	0	0	0	0	0	0	0	0	1.87539e-06	5.97919e-06	1.30552e-07	8.5584e-07	0	0	0	0	3.08683e-07	4.49985e-07	0	0	0	3.55546e-07	0	0	3.76559e-07	0	0	2.9091e-06	0	0	0	0	0	0	0	0	0	0	0	0	0	0	1.07313e-06	0	0	0	8.59306e-08	3.25768e-07	0	9.0862e-07	0	0	0	0	0	0	0	0	0	3.08537e-06	4.56817e-06	0	0	1.08272e-07	3.12855e-07	0	0	0	0	0	0	0	0	0	0.000137405
d3_18	0.00165346	0	0	1.55026e-06	0	0	0	6.00666e-07	0	0	1.08244e-06	0	1.98621e-06	0	0	0	0	0	0	0	0	2.02904e-06	0	0	0	0	1.41527e-06	0	0	0	0	0	0	0	0	0	6.8188e-07	0	1.98845e-06	0	9.96988e-08	0	5.49819e-06	0	0	0	0	0	0	0	0	0	0	4.2199e-07	0	0	4.14522e-07	5.67938e-07	1.11958e-06	0	0	0	3.56603e-06	3.89037e-06	0	0	5.37549e-07	0	4.80118e-07	0	1.8181e-07	0	0	0	0	6.51885e-07	0	0	1.95583e-06	0	0	0	0	0	0	0	0	0	0	0	6.20792e-07	3.07133e-06	4.30991e-06	0	0.000246962
d3_19	0.00151986	0	2.99756e-06	0	2.3446e-06	0	0	0	0	0	0	0	0	3.29076e-06	0	0	0	2.14645e-06	5.95322e-07	9.20388e-07	0	0	0	0	1.93655e-06	0	0	0	1.59976e-06	2.01143e-06	1.86954e-07	1.50346e-06	0	0	0	3.1307e-06	0	2.31911e-06	4.92064e-06	3.62497e-07	0	0	4.11551e-07	0	0	0	2.377e-06	0	0	0	0	0	0	1.94384e-07	6.97329e-08	0	0	0	0	3.01918e-07	2.64263e-06	0	3.65686e-06	0	0	0	0	1.5015e-06	2.68727e-06	0	0	0	0	0	0	4.33322e-06	0	0	0	2.7218e-06	6.55791e-07	7.25927e-07	1.99764e-06	0	1.59027e-06	3.40055e-06	0	0	1.62478e-06	0	0	9.00855e-07	0	2.5219e-08	0.000219129
d3_20	0.00249053	0	0	0	0	0	0	0	0	0	0	0	0	2.83935e-06	0	0	0	1.06411e-06	3.20926e-06	0	0	0	0	3.55679e-06	0	0	0	0	2.49895e-08	0	0	0	0	0	0	0	5.84963e-07	1.28387e-06	0	0	0	0	0	0	0	0	0	0	0	0	0	0	5.82954e-07	0	0	0	0	3.17085e-07	0	0	0	0	1.52368e-06	5.70181e-07	0	0	0	0	3.67824e-07	0	0	1.12156e-06	0	0	1.34498e-06	0	0	1.29726e-07	0	0	0	4.13298e-07	0	0	4.96646e-07	1.42348e-07	1.07935e-06	9.6719e-07	0	0	0	0	1.42076e-06	0	0.00028724
d3_21	0.00145868	0	0	0	1.07956e-06	2.74834e-07	0	0	0	2.37182e-06	0	3.42689e-06	0	0	0	0	0	0	0	0	7.10176e-07	4.52708e-07	0	0	0	6.61102e-07	1.17684e-06	0	0	5.4427e-07	1.11181e-06	7.84535e-07	0	0	5.02634e-07	1.15977e-06	5.2595e-07	1.05234e-06	0	0	0	1.63284e-07	0	0	0	2.2559e-07	1.76672e-06	0	5.89388e-09	0	0	0	0	9.5194e-07	0	0	0	4.85253e-07	0	0	0	0	0	1.41974e-07	0	1.47452e-06	2.98248e-06	2.3136e-07	0	0	0	0	0	0	0	0	0	0	0	0	0	0	6.1198e-07	3.16291e-06	7.12396e-07	0	0	0	0	0	0	0	3.05889e-06	0	0.000233053
d3_22	0.0013294	0	4.93344e-06	7.84048e-07	0	2.23994e-07	0	0	0	2.19207e-06	0	6.71877e-07	0	0	1.8283e-07	0	2.09059e-07	0	0	0	0	0	0	0	0	0	0	0	0	0	0	0	0	0	0	0	0	9.92192e-08	0	0	6.11818e-07	0	5.63902e-07	0	3.81226e-07	0	0	0	9.4026e-07	0	0	0	0	7.20665e-08	0	0	1.18832e-07	0	0	8.15232e-07	0	0	0	1.89737e-06	0	5.21688e-06	0	0	1.4754e-06	0	0	0	0	0	0	0	1.10737e-07	0	3.01369e-06	0	0	0	0	1.28936e-06	0	3.23791e-06	0	0	0	0	0	0	0	0	0.000176164
d3_23	0.0022915	0	0	0	0	0	0	0	0	0	0	4.8724e-06	0	1.00156e-07	0	0	0	0	0	0	0	0	0	0	4.24031e-06	1.06229e-07	0	0	0	0	1.14158e-07	0	9.38497e-07	0	0	0	0	1.46549e-06	1.31066e-06	0	0	0	1.8834e-06	0	0	0	0	0	0	6.18924e-06	0	0	0	0	1.40014e-07	0	0	0	0	0	0	0	0	4.38882e-07	0	0	0	0	0	0	0	0	0	0	0	0	9.1267e-08	0	0	0	0	0	1.188e-06	0	0	0	1.73869e-07	1.6648e-07	0	0	0	0	6.35021e-08	0	0.000232262
d3_24	0.00224841	0	0	0	0	1.46399e-07	0	0	5.14349e-07	0	0	0	0	0	0	0	1.07766e-06	0	0	0	0	0	0	3.20832e-06	0	0	1.59256e-06	0	4.86879e-06	0	0	0	0	0	0	0	0	0	3.76729e-06	0	0	0	6.89328e-07	8.61142e-07	0	2.28802e-07	0	1.52168e-06	0	1.08845e-07	0	7.13756e-07	0	2.17377e-06	0	2.9225e-06	0	0	9.52736e-08	9.69905e-07	0	3.93423e-06	2.00887e-06	0	8.73598e-07	4.84042e-07	0	3.8503e-06	3.29406e-06	0	0	1.31105e-06	2.62738e-06	0	0	0	0	0	9.92459e-07	1.71388e-07	5.48675e-08	0	0	2.88699e-06	0	2.33629e-06	0	0	0	0	0	0	0	0	0.000226858
d3_25	0.00122613	0	1.02061e-06	0	4.93461e-08	2.62282e-07	2.27684e-06	0	4.99611e-06	4.70047e-06	0	0	0	0	0	2.55258e-07	0	0	1.20088e-06	0	0	8.70708e-07	0	3.58151e-06	1.75315e-06	0	0	0	0	0	0	0	0	0	0	0	0	0	0	0	0	0	0	0	1.68182e-06	1.88095e-06	0	0	0	3.05054e-06	5.13188e-07	0	0	0	1.07046e-06	4.54075e-07	0	0	3.91739e-06	0	0	1.552e-06	0	3.47352e-06	9.77915e-07	0	0	0	0	0	0	0	0	0	0	0	0	1.9204e-06	1.56938e-07	0	2.50771e-07	0	0	0	0	0	0	0	0	0	0	0	5.06588e-06	2.39781e-06	0.00020937
d3_26	0.00215866	0	0	0	0	0	0	0	0	1.69565e-07	0	0	0	0	0	0	0	0	1.03267e-07	6.8607e-07	2.46418e-06	1.28286e-06	0	0	2.57149e-07	6.01395e-07	0	0	0	0	0	0	0	0	0	0	0	2.25731e-06	0	6.5107e-07	0	9.83109e-07	0	0	7.73417e-07	0	0	9.48894e-07	1.48848e-06	0	0	3.46707e-07	0	0	4.77308e-06	6.91894e-07	9.31663e-07	1.25933e-07	0	0	0	5.12186e-07	1.03485e-06	0	1.27664e-07	0	0	0	6.09632e-06	5.05323e-06	0	0	1.50339e-06	0	8.23607e-07	0	0	1.78931e-06	4.88872e-07	0	0	0	0	0	0	0	0	0	0	0	0	0	1.30639e-07	0	0.000267963
d3_27	0.00116719	0	0	6.2935e-07	0	8.98137e-08	0	0	7.56264e-07	0	0	0	0	3.63867e-06	1.42515e-06	0	0	0	0	0	1.08491e-06	0	0	0	0	0	1.14067e-06	9.94491e-07	9.24588e-07	0	0	1.66613e-06	0	0	0	0	0	4.23765e-07	0	0	0	3.1738e-07	0	0	2.40353e-06	0	9.83245e-08	0	7.57519e-07	0	0	0	2.23213e-07	2.88894e-07	0	0	0	0	1.01354e-06	5.95291e-07	0	0	0	0	0	4.87829e-07	0	0	0	0	0	0	0	1.6906e-07	3.4021e-07	3.84558e-07	0	0	0	3.63103e-06	0	0	4.09349e-07	3.20149e-06	1.13472e-06	0	1.80817e-06	0	0	4.36417e-07	3.14898e-06	0	0	0	0.000238733
d3_28	0.00110492	0	0	0	0	0	8.04523e-07	0	3.20066e-08	0	0	0	0	2.86958e-07	8.35434e-07	0	0	0	0	0	0	0	0	0	5.35806e-07	5.11525e-07	0	0	0	8.11467e-07	0	0	0	0	0	0	0	0	0	0	0	0	1.45991e-06	0	0	2.84349e-06	0	0	0	0	1.12051e-07	3.27456e-07	0	1.46779e-06	0	0	0	0	0	0	0	0	0	5.07244e-06	0	0	0	1.17648e-06	0	0	0	0	1.48789e-07	0	0	0	5.12319e-06	0	6.50141e-07	0	0	0	0	0	0	0	1.98001e-06	0	0	1.33515e-06	0	1.89344e-06	0	0	0.000225602
d3_29	0.00112913	0	0	0	0	0	7.07464e-07	0	0	0	1.98107e-07	0	1.4436e-06	1.21182e-06	0	0	9.41527e-07	0	3.34187e-07	0	5.18142e-07	4.54413e-06	0	4.58134e-07	1.30632e-07	6.25386e-07	0	0	0	0	0	0	0	0	0	2.59073e-06	1.09899e-06	0	0	0	0	0	0	0	0	0	0	0	0	0	0	0	8.86183e-08	0	8.42491e-10	0	0	0	3.68824e-07	0	0	0	0	0	0	0	0	0	0	0	2.69389e-07	1.23554e-06	0	0	0	0	0	1.13019e-06	0	0	9.1052e-07	0	0	0	0	1.51149e-06	1.4303e-06	0	1.26871e-07	0	4.04878e-07	6.68879e-07	0	0	0.000189753
d3_30	0.00206286	0	0	6.88557e-07	0	2.22136e-06	0	0	0	1.268e-06	4.92919e-07	0	0	0	0	0	2.62368e-06	0	4.22554e-06	0	0	7.83131e-07	0	0	0	4.55525e-07	0	0	5.37923e-07	1.60116e-06	1.24688e-08	0	0	9.30975e-07	0	3.36557e-07	9.32933e-07	0	1.00459e-07	1.89102e-06	0	0	0	6.74722e-08	1.42968e-06	0	0	0	0	3.34984e-07	0	0	2.30072e-06	0	6.0941e-07	0	0	3.3892e-07	0	1.45068e-06	0	4.14209e-07	7.3571e-07	0	0	0	0	0	0	0	0	0	0	0	0	0	0	0	0	0	0	0	0	0	0	6.12487e-07	2.68172e-06	0	0	0	0	0	5.79172e-07	4.17787e-07	0.000208805
d3_31	0.00202464	0	2.19707e-06	0	0	0	0	0	1.08801e-07	0	0	0	0	0	0	3.01487e-08	0	0	6.58455e-07	0	2.63125e-07	5.29497e-06	0	0	0	0	0	0	0	0	4.46806e-07	0	0	2.86837e-06	0	9.43714e-07	0	4.21717e-07	0	0	0	0	0	0	0	0	3.52021e-07	0	0	0	0	0	3.88912e-08	0	0	0	0	0	6.185e-08	0	0	1.8176e-06	0	0	0	0	0	0	0	0	0	0	0	4.71396e-06	0	0	1.76231e-06	5.90986e-07	0	3.03968e-07	0	0	0	5.91074e-07	0	7.89258e-07	8.06141e-08	0	0	0	4.77316e-08	0	1.91695e-06	1.41662e-07	0.00122786
d3_32	0.00100835	2.47661e-08	5.76437e-07	0	0	0	1.71735e-07	0	2.86726e-06	0	6.00446e-07	0	0	0	0	0	0	5.77014e-07	0	0	0	0	0	0	0	0	0	0	0	0	0	0	0	0	0	1.70409e-06	0	5.57407e-07	0	0	0	0	2.1498e-06	0	4.10826e-07	0	0	0	0	0	1.31524e-06	0	6.26585e-07	0	0	1.9052e-06	1.90952e-07	0	5.84136e-07	5.17006e-07	0	0	0	0	0	2.0693e-06	5.87151e-07	0	0	0	0	0	0	2.51426e-06	0	0	3.9146e-06	0	2.28956e-06	0	0	0	2.10703e-06	0	4.7648e-07	0	0	0	0	1.68849e-06	0	0	0	0	0.00120371
d3_33	0.000976115	0	0	0	0	0	0	1.49947e-06	4.12159e-06	8.71005e-07	0	0	0	0	2.35458e-06	0	1.5011e-07	1.44442e-06	0	5.10829e-07	0	0	0	2.23874e-06	0	0	0	0	0	0	0	0	0	3.88892e-08	0	0	1.31472e-07	0	0	2.20205e-07	0	0	0	0	1.24264e-07	0	0	3.8106e-07	0	0	0	0	1.19194e-07	0	0	0	0	0	5.9433e-07	2.36879e-06	1.13787e-07	0	3.90953e-07	0	0	0	0	0	0	3.44219e-07	0	0	0	2.57175e-06	5.30326e-07	0	0	0	5.52371e-07	0	0	0	0	0	1.86041e-06	9.12592e-07	0	0	6.08555e-07	0	0	1.50505e-06	0	0	0.00024922
d3_34	0.000973576	0	0	0	0	0	0	1.08946e-06	1.59398e-06	0	0	0	0	0	0	4.49084e-07	0	0	3.78021e-06	0	0	0	0	0	0	0	0	0	0	0	0	5.28655e-06	0	0	0	0	0	0	0	0	0	0	0	0	0	0	0	0	0	1.5291e-06	0	0	2.19417e-07	0	0	5.06444e-07	0	0	0	0	0	0	0	0	0	1.83268e-07	0	0	0	1.03472e-07	0	0	0	0	0	0	0	0	0	8.34349e-07	3.56303e-07	0	0	0	0	0	3.3926e-07	0	9.40175e-07	0	0	0	0	0	0.000224005
d3_35	0.00100223	0	0	0	2.58915e-06	0	0	0	1.89691e-06	0	2.35362e-06	2.48518e-06	0	0	0	3.20277e-06	0	0	0	0	2.23673e-07	3.61244e-07	0	0	0	0	0	0	0	0	2.44982e-07	8.3216e-08	0	0	0	0	1.77661e-06	0	0	1.48823e-06	0	0	0	0	0	0	3.07564e-07	7.88826e-07	2.47999e-09	0	2.02924e-06	0	0	1.22256e-06	0	2.32015e-08	0	4.41451e-07	6.82864e-07	0	0	0	0	4.39256e-06	0	0	1.34069e-06	0	0	2.31387e-06	2.55474e-07	0	5.09142e-08	0	0	0	4.96804e-07	0	0	1.01538e-07	0	4.35867e-06	0	0	0	0	1.07363e-06	0	0	0	0	0	0	0	0.000220469
d3_36	0.00101327	2.0463e-07	0	0	3.34094e-08	0	0	8.21708e-07	0	3.10188e-07	0	0	0	0	0	0	0	1.23033e-06	0	0	1.69123e-06	0	2.05739e-06	0	0	7.29043e-06	5.90287e-06	8.67912e-07	0	0	0	0	0	0	0	0	0	2.44044e-07	1.1148e-06	0	4.9212e-06	0	0	0	0	0	0	9.42399e-07	0	0	7.30723e-07	0	0	6.64447e-07	0	0	2.53016e-07	1.88682e-06	0	0	0	9.06847e-07	0	0	0	0	0	0	0	4.73734e-07	1.17254e-07	3.63738e-07	0	8.62991e-07	1.71396e-06	6.65661e-07	0	0	0	0	0	0	0	0	0	0	0	0	0	0	0	0	2.33734e-07	0	0.00118659
d3_37	0.000928105	0	4.04733e-06	0	0	0	0	0	0	0	0	1.03192e-06	0	0	0	0	0	2.65552e-06	0	0	0	7.1806e-07	0	0	0	6.27143e-07	0	0	8.54317e-07	3.89056e-07	1.62749e-06	3.58166e-06	1.85655e-07	1.49499e-06	0	0	4.02236e-06	0	0	0	0	0	0	0	6.93857e-08	3.52504e-06	0	0	0	1.12387e-06	9.66405e-07	0	2.15389e-06	0	0	0	0	0	0	0	0	0	0	0	0	0	1.25624e-07	0	0	0	9.28517e-07	4.04013e-06	1.94712e-07	1.04319e-06	0	0	0	0	0	0	5.27376e-07	0	0	0	0	4.56846e-06	2.71057e-06	0	1.66945e-06	1.42068e-06	0	0	0	0	0.000229108
d3_38	0.000962605	0	0	0	0	0	0	0	0	2.17288e-06	0	2.77751e-06	0	0	0	0	0	0	2.46979e-07	0	0	0	3.47699e-06	1.66235e-06	0	0	4.16675e-06	2.84682e-06	0	7.42705e-07	6.00927e-07	0	1.89397e-06	5.18067e-06	0	1.82036e-06	9.29077e-07	0	0	2.90389e-06	0	2.0071e-06	0	6.82926e-07	0	0	0	1.58971e-06	0	0	0	4.90596e-07	0	0	0	0	3.5558e-06	0	0	0	0	0	0	0	0	0	5.07364e-06	0	1.74299e-06	0	1.11948e-07	4.12985e-06	0	0	0	0	0	0	0	1.08326e-06	0	0	0	0	0	0	0	0	0	0	0	0	0	0	0.00119103
d3_39	0.000918842	0	2.87442e-07	0	0	0	0	0	0	0	0	0	1.75221e-06	0	2.64258e-07	0	0	1.49572e-07	0	0	0	0	0	0	0	1.27865e-07	0	5.50105e-07	0	0	0	0	0	4.07221e-08	0	0	0	0	0	0	0	0	0	3.74549e-07	0	7.19708e-06	0	0	0	0	0	0	1.62956e-06	0	0	0	1.85303e-06	1.5719e-06	0	0	0	0	1.40926e-06	6.323e-08	0	0	0	0	0	2.26751e-06	4.05598e-06	0	0	0	0	0	0	0	0	0	0	0	0	5.22986e-06	0	2.49501e-06	0	0	0	0	0	1.84976e-07	0	0	0.00122107
d3_40	0.00083106	0	0	4.66955e-07	0	0	0	0	0	4.40995e-06	0	9.35964e-07	0	0	0	0	4.79653e-06	0	0	0	0	0	0	0	0	0	1.76264e-07	6.82005e-07	0	4.37305e-06	0	5.45822e-07	0	0	1.24569e-06	1.34678e-06	0	0	4.7001e-07	1.09519e-06	0	1.53937e-07	0	0	0	0	8.83179e-07	0	0	0	1.02047e-06	0	2.41129e-08	0	0	0	0	2.35861e-07	0	8.02893e-07	0	0	0	0	0	0	0	0	0	1.79676e-08	0	0	0	0	0	0	0	0	0	0	5.26993e-07	0	0	6.04848e-07	0	3.73413e-07	0	0	0	0	3.21431e-07	0	5.25756e-06	0	0.000223239
d3_41	0.000927325	0	2.89404e-06	0	9.4686e-08	4.04155e-07	0	0	0	5.61832e-07	8.54196e-07	2.99561e-06	9.92978e-07	0	5.21635e-07	0	0	0	0	0	0	5.15794e-07	0	0	0	0	0	0	1.73428e-06	2.13202e-06	0	0	3.48546e-07	0	0	0	0	4.03727e-07	0	0	0	2.10504e-06	0	0	2.52204e-07	0	0	0	0	0	0	0	0	0	0	5.88178e-07	0	0	0	2.65977e-06	0	0	5.13487e-07	0	0	6.66426e-07	0	0	0	2.41907e-07	0	0	7.14909e-07	2.07542e-07	2.04982e-06	0	0	0	0	1.86514e-06	0	0	0	2.83859e-06	0	2.93828e-06	0	0	0	1.89373e-07	1.54151e-06	2.21197e-06	0	0	0.000233481
d3_42	0.000967783	0	0	0	0	0	0	1.86161e-07	1.49351e-06	0	0	4.86082e-07	0	0	0	0	0	2.76712e-07	0	0	9.06271e-08	0	6.57115e-07	1.06721e-06	3.96763e-07	3.75259e-08	0	0	2.9955e-07	0	3.36475e-07	0	2.28814e-08	1.70997e-07	0	0	0	2.83111e-07	0	0	0	0	3.04415e-07	0	0	0	1.96133e-06	0	0	3.26815e-07	0	0	0	0	4.13848e-07	0	0	0	2.67592e-06	0	0	0	6.77414e-07	0	0	0	0	0	2.52704e-08	0	0	4.88278e-06	2.41653e-07	0	0	0	3.67181e-06	1.42268e-06	0	0	7.08027e-07	3.06662e-06	0	0	0	0	0	0	0	1.37867e-06	0	0	0	0	0.00120804
d3_43	0.000881129	0	0	0	0	0	4.96852e-08	0	0	3.90636e-06	1.18814e-06	0	2.29051e-06	8.49418e-07	0	2.53e-06	0	0	5.03566e-07	4.52946e-06	0	0	3.92411e-07	0	0	0	2.8499e-06	0	0	0	0	0	4.83505e-06	0	5.17327e-06	4.50128e-08	1.19797e-06	1.28403e-06	0	0	2.29796e-07	0	0	0	0	0	1.5773e-07	0	5.58301e-06	0	0	0	0	0	0	0	4.66862e-06	2.56727e-06	0	5.36496e-08	0	0	0	0	9.74552e-07	3.23971e-06	2.69174e-06	0	0	0	1.5721e-06	0	3.69489e-07	0	0	0	0	0	0	0	0	3.62021e-06	0	0	0	0	0	0	0	0	4.09383e-06	1.36394e-07	3.70088e-06	0	0.000206089
d3_44	0.000911152	1.25724e-06	6.26692e-06	3.21572e-06	1.18566e-06	0	0	0	0	0	0	0	1.93704e-06	0	0	0	1.94865e-06	0	0	0	0	0	0	0	0	0	1.18591e-07	0	1.08598e-06	0	0	3.18379e-06	2.97638e-06	0	0	0	5.82958e-07	0	2.34908e-06	8.31421e-07	0	4.557e-08	0	0	0	0	0	0	0	0	0	0	2.26594e-06	0	6.32215e-07	0	2.49549e-06	0	0	0	0	0	2.24438e-07	0	0	0	0	4.07991e-07	0	2.00684e-06	0	4.16618e-07	0	2.94962e-06	0	0	0	0	0	0	0	0	1.92257e-06	6.9526e-07	4.92619e-07	0	0	0	0	0	0	1.65214e-06	0	0	0.000250722
d3_45	0.000761949	0	0	0	0	0	0	0	1.08592e-08	0	0	0	0	0	5.22625e-06	1.77791e-06	0	0	0	0	0	0	0	0	0	9.42543e-07	0	1.68357e-07	0	0	0	0	1.24293e-06	0	0	0	0	0	0	0	0	0	0	0	0	0	0	2.84624e-06	0	0	3.2169e-07	0	0	2.10348e-06	4.41632e-08	3.58716e-07	0	0	0	0	0	0	0	0	0	6.33765e-06	1.92525e-08	0	0	0	0	0	2.54051e-07	0	0	0	1.2621e-06	0	8.48812e-08	0	4.39304e-07	3.16182e-07	1.65758e-06	0	0	0	0	0	0	0	0	0	0	6.02461e-07	0.000257118
d3_46	0.000814071	0	0	0	0	1.51053e-07	6.02666e-07	0	0	0	0	1.37793e-06	0	0	0	3.94014e-06	0	0	0	6.99588e-07	0	2.19632e-08	1.39644e-06	0	0	1.41225e-06	1.4893e-07	0	0	0	2.60528e-07	0	0	0	0	0	5.13857e-07	1.23994e-06	8.72527e-08	0	0	0	0	7.65868e-07	0	1.24958e-07	0	0	0	0	8.53503e-07	0	0	1.03911e-06	1.33871e-06	0	0	0	1.10737e-06	0	0	0	0	0	9.09695e-07	0	0	0	0	0	0	0	3.25576e-07	0	0	0	0	0	0	0	0	0	9.03094e-07	0	1.62318e-06	7.19508e-08	0	0	0	0	6.86914e-07	3.31011e-06	0	6.39631e-08	0.000225169
d3_47	0.000814245	1.53194e-06	0	0	0	0	5.55954e-07	0	0	1.86044e-07	0	0	0	0	0	1.9141e-07	2.17092e-07	0	0	0	2.81109e-07	0	0	6.39336e-06	0	1.07333e-07	0	4.91021e-06	0	7.08105e-09	0	0	0	0	0	4.37413e-06	1.77873e-06	2.35826e-07	0	4.10921e-07	0	0	0	5.2457e-06	0	0	0	0	0	0	8.42281e-07	0	0	0	0	0	1.03996e-06	0	2.57845e-06	0	0	0	0	0	0	4.3135e-07	0	0	0	0	0	0	0	0	3.19836e-06	0	0	0	1.9657e-06	0	0	0	3.92269e-06	0	0	1.52415e-06	0	0	1.66981e-06	0	0	0	0	0	0.000238177
d3_48	0.000764516	0	0	0	0	0	0	8.53256e-09	0	0	0	0	1.35351e-07	0	3.10525e-07	0	2.41563e-07	3.55877e-07	0	0	8.64817e-07	3.08478e-06	0	0	5.01967e-06	0	0	5.00322e-07	0	0	0	0	7.15816e-08	0	0	0	0	0	0	0	0	0	0	0	0	0	0	0	0	0	0	0	0	0	0	0	0	0	0	0	0	8.6076e-07	0	0	6.19869e-07	0	0	0	0	0	0	0	1.27779e-06	0	0	0	7.91947e-08	2.66962e-07	0	0	0	0	0	0	0	1.21508e-07	1.15928e-06	0	0	0	0	1.245e-06	0	0	0.00118859
d3_49	0.00083086	0	0	0	2.91912e-06	5.67525e-09	1.301e-07	2.5367e-06	0	1.78604e-06	0	0	0	0	0	2.28709e-08	0	1.56884e-07	8.76466e-07	0	1.91329e-07	0	0	0	0	0	0	0	0	0	5.05634e-06	5.84218e-07	2.52577e-06	0	0	0	0	0	4.70955e-06	0	0	0	2.35648e-07	2.85411e-06	0	0	0	2.28165e-07	0	3.76286e-07	6.57551e-09	0	0	0	1.55546e-06	0	1.49412e-06	0	0	0	0	0	3.52086e-07	0	0	0	0	0	1.91751e-06	0	0	0	0	0	0	5.43994e-07	0	0	0	0	0	0	0	0	0	1.41006e-06	0	1.05149e-06	0	0	1.44541e-06	0	0	2.2535e-07	0.00124347
d3_50	0.000796593	0	0	0	0	0	1.55705e-07	0	1.84924e-07	0	9.14049e-07	0	0	0	0	0	2.39578e-07	0	0	0	0	4.66185e-06	0	0	0	0	0	0	1.69016e-07	0	0	0	0	0	6.9983e-08	0	0	0	0	0	0	0	0	0	0	0	0	0	1.42779e-06	0	1.12442e-08	0	0	1.08081e-06	0	0	0	0	0	0	0	0	0	0	1.19985e-07	0	0	2.03948e-06	1.64375e-06	1.35956e-06	0	0	1.3738e-06	0	1.63039e-06	0	0	2.14102e-07	0	0	0	0	0	0	0	0	0	0	1.09292e-07	0	0	0	0	0	0.00122328
d3_51	0.00179354	0	0	1.6894e-06	0	0	0	0	1.45924e-07	0	0	0	0	0	1.82891e-06	0	4.13869e-07	5.21946e-07	5.12838e-07	0	0	0	0	3.49445e-06	0	0	0	0	0	7.92776e-07	0	0	0	0	3.52606e-07	4.30077e-08	0	0	0	0	5.73979e-07	0	0	0	0	1.19381e-06	0	0	0	0	2.25247e-07	1.25961e-07	6.42507e-07	4.07847e-06	0	2.06336e-06	0	0	0	0	5.67619e-07	0	0	0	2.34163e-06	0	0	6.39588e-07	3.13983e-06	0	0	0	0	1.10738e-06	0	0	6.43449e-07	7.71809e-07	0	0	0	0	7.97823e-08	0	0	0	0	2.77506e-07	0	0	0	0	0	0	0.000212791
d3_52	0.000754442	6.85855e-07	0	0	0	0	0	0	5.74267e-07	0	0	1.53421e-06	3.96064e-08	0	0	0	0	0	0	0	0	0	0	0	0	0	0	9.66346e-07	0	0	0	2.22392e-06	0	0	0	2.07748e-06	1.19413e-06	4.57014e-07	0	0	0	0	0	1.18955e-06	0	0	1.24297e-06	0	2.23891e-06	0	0	0	0	2.45208e-07	0	7.57192e-08	0	0	0	0	0	0	2.72846e-06	7.39375e-08	0	1.16431e-06	0	0	0	0	0	0	0	0	0	0	0	0	0	1.26568e-06	0	0	1.34844e-06	0	2.53045e-07	0	1.59108e-06	0	5.16456e-06	7.75366e-07	0	3.85002e-06	1.16802e-06	8.02461e-08	0.000281507
d3_53	0.000777443	0	0	0	1.37524e-06	5.27901e-06	2.53603e-07	4.08435e-06	3.69536e-06	0	0	4.97154e-07	2.53989e-06	3.52639e-06	0	0	3.7008e-07	0	0	8.93024e-07	6.50466e-08	0	0	0	0	0	0	1.11868e-06	0	1.55046e-06	0	0	4.12579e-06	0	0	0	0	0	2.48592e-06	0	0	8.70008e-07	0	0	0	0	0	0	0	0	0	0	0	0	7.36113e-07	0	0	0	0	0	2.22634e-07	0	0	5.15217e-07	5.88696e-07	0	0	0	5.65438e-07	5.13476e-06	0	0	0.000994537	3.42685e-07	0	0	3.83424e-07	0	6.78122e-07	0	0	3.10914e-06	0	0	1.09859e-06	0	0	0	0	0	0	6.66913e-07	0	0	0.000218996
d3_54	0.000762074	0	0	0	0	1.63736e-06	2.70454e-07	0	0	3.10586e-07	0	0	0	0	2.58301e-06	0	0	0	0	0	2.33057e-08	0	1.23795e-06	1.06022e-06	1.50981e-06	0	0	0	4.23061e-07	0	2.81796e-07	0	0	0	0	0	0	2.41276e-06	0	1.64035e-07	0	4.23223e-07	0	0	0	0	0	0	0	0	0	6.50456e-07	1.02871e-06	2.90696e-07	0	0	0	0	0	0	0	0	0	1.4978e-06	0	0	0	0	0	0	1.87008e-06	0	4.91119e-06	3.10212e-07	0	0	0	4.18683e-07	0	0	0	0	0	0	0	0	0	2.73558e-07	4.72642e-06	0	0	0	0	0	0.000221376
d3_55	0.000809798	0	0	0	3.07555e-06	0	0	0	3.78382e-07	0	6.5992e-07	6.67464e-07	0	0	0	0	0	3.27814e-06	0	0	0	0	0	0	0	0	0	6.83096e-07	0	4.64831e-08	0	0	0	6.03901e-07	0	0	0	0	0	6.78527e-07	0	0	1.13298e-06	0	0	9.16607e-08	0	0	0	5.52625e-07	0	0	0	0	0	0	0	0	0	0	0	0	0	0	0	0	0	0	0	4.32498e-06	0	0	0	0	1.89715e-07	0	0	0	0	0	0	3.99015e-07	1.58328e-06	0	0	4.23658e-07	0	5.14604e-07	0	0	0	0	2.19906e-07	2.182e-07	0.000226656
d3_56	0.000764709	0	1.33736e-06	0	0	0	0	1.8068e-06	0	0	1.26946e-07	0	0	0	0	0	0	4.76586e-07	0	0	0	0	0	0	0	2.5865e-08	0	0	1.55535e-07	0	0	0	9.75202e-07	1.21769e-06	3.54198e-06	0	7.67193e-07	0	0	1.82416e-06	0	0	0	0	0	1.68418e-06	0	9.00014e-08	0	2.52057e-06	4.08462e-07	0	2.10898e-06	6.20593e-07	0	2.51526e-07	0	0	0	4.18917e-07	4.85359e-07	0	0	0	0	2.95034e-08	0	0	0	0	0	0	0	1.56031e-07	0	1.132e-06	0	0	0	0	0	0	0	0	0	3.02187e-06	2.05104e-07	3.14157e-07	4.27325e-07	1.26419e-07	0	0	0	0	0.000227197
d3_57	0.000752827	0	0	0	9.76667e-07	0	2.39983e-06	0	0	3.2709e-06	0	5.2138e-07	1.49818e-06	0	0	0	0	3.63713e-07	0	0	0	0	0	0	0	0	0	8.99812e-07	0	0	0	1.87675e-07	0	0	0	1.35263e-06	0	1.47804e-07	0	0	0	0	0	0	0	0	0	0	0	0	0	0	0	0	0	0	0	1.06221e-06	0	0	0	0	0	0	4.28048e-06	0	0	1.055e-06	2.68646e-06	3.70684e-06	0	1.43679e-07	0	0	0	1.19549e-06	0	0	0	2.35033e-07	4.1481e-07	0	0	0	0	0	0	4.28517e-07	1.36906e-06	4.35193e-07	0	0	0	0	0.000195526
d3_58	0.000745464	0	0	0	1.05316e-06	0	0	0	0	0	0	0	0	0	0	0	0	0	0	0	1.1562e-06	0	0	0	0	0	6.07481e-06	0	0	0	0	2.47327e-07	0	0	5.6453e-07	0	0	0	0	0	1.04255e-06	0	0	0	1.83889e-06	0	0	0	1.4766e-06	0	0	0	0	1.92019e-06	0	0	0	4.58335e-07	9.15803e-07	0	7.00906e-08	0	0	0	1.15377e-06	7.81896e-07	0	0	0	0	0	0	0	0	0	7.77819e-07	0	0	0	0	2.40116e-06	1.23451e-08	1.56698e-06	0	0	0	0	0	2.10276e-06	2.31431e-06	0	0	1.05903e-06	6.02687e-07	0.000181222
d3_59	0.00173244	0	0	0	0	0	0	0	1.27893e-06	0	0	5.83134e-07	0	0	0	5.14141e-07	0	6.4063e-08	0	1.24678e-07	0	0	0	0	5.8892e-06	0	0	0	0	0	0	1.19879e-06	2.42247e-08	0	0	0	0	0	2.06591e-07	0	0	0	0	0	0	0	0	0	2.55294e-06	5.35637e-07	0	0	0	0	0	3.82594e-07	0	0	5.90164e-07	0	7.25997e-07	0	0	0	3.10416e-06	0	0	0	5.68114e-07	0	0	0	7.50204e-07	0	0	4.9175e-08	0	5.87048e-06	0	0	3.46589e-08	2.16882e-07	1.3698e-06	0	0	0	1.58995e-06	0	0	6.56036e-07	6.13771e-07	0	0	0	0.00121271
d3_60	0.00075895	0	0	0	9.09343e-07	0	9.3208e-07	0	0	0	0	0	0	0	0	0	0	0	0	0	0	0	0	0	0	0	0	5.67155e-07	0	0	0	8.39632e-07	0	0	4.86933e-07	0	0	1.10904e-06	0	0	1.3527e-07	0	0	2.53857e-06	0	0	0	0	1.30814e-07	3.02005e-07	0	0	0	6.24148e-07	0	0	4.12154e-07	1.23176e-07	0	0	2.53388e-07	0	0	8.14497e-07	0	0	4.67918e-08	0	5.08841e-06	0	0	0	2.30675e-07	0	0	0	0	0	0	0	0	0	0	0	0	4.50098e-06	0	6.79521e-07	2.88798e-07	9.85344e-07	1.14597e-08	0	0	0	0.000221412
d3_61	0.00177589	4.12925e-07	0	0	0	5.27564e-07	0	0	0	0	0	0	0	0	0	0	0	0	1.14812e-08	0	0	0	0	0	0	6.10196e-07	0	0	0	0	0	0	0	3.81902e-07	3.09326e-06	0	3.10443e-07	0	0	0	0	2.54465e-08	0	0	3.51511e-06	0	6.46761e-07	0	3.49743e-07	0	0	0	1.40666e-07	1.25193e-06	0	0	0	0	0	0	4.67384e-07	0	0	0	0	0	2.04029e-06	0	0	0	0	1.25299e-06	0	0	0	2.31465e-06	0	0	0	0	8.41061e-07	0	0	0	0	0	1.36651e-06	0	2.13279e-06	0	0	0	0	0	0.00121663
d3_62	0.282414	0.000128158	0.000105778	0.000115227	0.000180285	0.00015404	0.000100107	0.00112267	0.000131394	0.000133526	9.26385e-05	0.000123775	0.000119148	0.000128693	0.000130557	0.00010796	0.00111163	0.000135223	0.000128429	0.000142808	0.00112124	0.0001402	0.000120897	0.000104842	0.000127838	0.000130428	0.000114913	0.0011075	0.000125596	0.000129481	9.85574e-05	0.000122743	0.000128828	0.000131473	7.33769e-05	0.0011157	0.000139319	0.000135785	0.000152159	0.000119393	0.000116264	0.000105848	9.73158e-05	0.000158235	0.000111104	0.000144625	0.00114605	0.000105852	0.00112334	0.00110847	0.00111972	0.00112446	0.000104775	0.000111212	0.000142873	0.000125712	0.000118744	0.000131378	0.000104366	0.000169306	0.000162144	0.000134111	0.000125775	0.000141722	0.000139528	0.00113753	0.000137503	0.000104001	0.00113916	0.000139856	0.00112143	9.37618e-05	0.00110734	0.000140081	0.000127613	0.00010631	0.0010946	0.00115795	0.000109904	0.000145104	0.000132218	0.00112752	0.000108632	0.00012557	0.00113516	0.000106851	0.000129932	0.000121974	0.000119748	0.00111919	0.000101381	0.00112642	0.000126015	0.000138377	0.0800866
